3.790855407714844e-05
2.6702880859375e-05
2.5272369384765625e-05
3.0279159545898438e-05
2.5033950805664062e-05
2.4557113647460938e-05
2.5510787963867188e-05
2.9802322387695312e-05
2.574920654296875e-05
2.6226043701171875e-05
2.5987625122070312e-05
2.5510787963867188e-05
2.5033950805664062e-05
2.47955322265625e-05
2.574920654296875e-05
2.47955322265625e-05
2.5987625122070312e-05
2.5510787963867188e-05
2.47955322265625e-05
2.5033950805664062e-05
2.5033950805664062e-05
2.47955322265625e-05
2.5272369384765625e-05
2.5510787963867188e-05
2.6464462280273438e-05
2.5033950805664062e-05
2.47955322265625e-05
2.5510787963867188e-05
2.6941299438476562e-05
2.5033950805664062e-05
2.5987625122070312e-05
2.5987625122070312e-05
2.5033950805664062e-05
2.6464462280273438e-05
2.6702880859375e-05
2.765655517578125e-05
2.6941299438476562e-05
2.7179718017578125e-05
2.6464462280273438e-05
2.6464462280273438e-05
